Kp = 5.0;
Ki = 0.02;
Td = 10;
Jm_hat = 1.5*10^-4;
Bm_hat = 2*10^-4;
Jm = 1.9171*10^-4;
Bm = 3.2106*10^-4;
K1 = 10;
K2 = 1;
Noise = 0.001;
SineVal = 250;